SERIES=1000
A:
array([[ 0.467 ,  0.0472,  0.4727,  0.2148],
       [ 0.1977, -0.2839,  0.4763, -0.4938],
       [-0.247 , -0.0652,  0.2794, -0.3023],
       [ 0.363 ,  0.4834, -0.3362,  0.0973]])
inner(S):
array([[ 0.502 , -0.0006, -0.0247, -0.0006],
       [-0.0006,  2.01  , -0.1824, -0.0006],
       [-0.0247, -0.1824,  4.5391,  0.5391],
       [-0.0006, -0.0006,  0.5391,  8.0418]])
inner(X):
array([[ 1.5895,  0.1305, -0.0286, -0.4757],
       [ 0.1305,  2.9631,  1.6867, -1.3003],
       [-0.0286,  1.6867,  1.0473, -0.7348],
       [-0.4757, -1.3003, -0.7348,  1.1547]])
inner(Y):
array([[ 0.999, -0.   , -0.   , -0.   ],
       [-0.   ,  0.999,  0.   ,  0.   ],
       [-0.   ,  0.   ,  0.999, -0.   ],
       [-0.   ,  0.   , -0.   ,  0.999]])
