SERIES=1000
A:
array([[ 0.467 ,  0.0472,  0.4727,  0.2148],
       [ 0.1977, -0.2839,  0.4763, -0.4938],
       [-0.247 , -0.0652,  0.2794, -0.3023],
       [ 0.363 ,  0.4834, -0.3362,  0.0973]])
inner(S):
array([[ 0.502 , -0.0336, -0.0402, -0.0012],
       [-0.0336,  1.9987,  0.081 ,  0.154 ],
       [-0.0402,  0.081 ,  4.4691,  0.7274],
       [-0.0012,  0.154 ,  0.7274,  8.0399]])
inner(X):
array([[ 1.6185,  0.0472, -0.061 , -0.4053],
       [ 0.0472,  2.8303,  1.612 , -1.2042],
       [-0.061 ,  1.612 ,  1.0073, -0.6838],
       [-0.4053, -1.2042, -0.6838,  1.0529]])
inner(Y):
array([[ 0.999,  0.   , -0.   , -0.   ],
       [ 0.   ,  0.999,  0.   , -0.   ],
       [-0.   ,  0.   ,  0.999, -0.   ],
       [-0.   , -0.   , -0.   ,  0.999]])
