SERIES=5000
A:
array([[ 0.467 ,  0.0472,  0.4727,  0.2148],
       [ 0.1977, -0.2839,  0.4763, -0.4938],
       [-0.247 , -0.0652,  0.2794, -0.3023],
       [ 0.363 ,  0.4834, -0.3362,  0.0973]])
inner(S):
array([[ 0.1249, -0.0012,  0.    , -0.0014],
       [-0.0012,  0.5004,  0.0073, -0.0026],
       [ 0.    ,  0.0073,  1.1239, -0.029 ],
       [-0.0014, -0.0026, -0.029 ,  2.0076]])
inner(X):
array([[ 0.3662,  0.0485,  0.0048, -0.1025],
       [ 0.0485,  0.801 ,  0.4593, -0.339 ],
       [ 0.0048,  0.4593,  0.2852, -0.1934],
       [-0.1025, -0.339 , -0.1934,  0.2781]])
inner(Y):
array([[ 0.9998, -0.    ,  0.    ,  0.    ],
       [-0.    ,  0.9998, -0.    , -0.    ],
       [ 0.    , -0.    ,  0.9998, -0.    ],
       [ 0.    , -0.    , -0.    ,  0.9998]])
