SERIES=1000
A:
array([[ 0.467 ,  0.0472,  0.4727,  0.2148],
       [ 0.1977, -0.2839,  0.4763, -0.4938],
       [-0.247 , -0.0652,  0.2794, -0.3023],
       [ 0.363 ,  0.4834, -0.3362,  0.0973]])
inner(S):
array([[ 0.1255, -0.0002, -0.0062, -0.0002],
       [-0.0002,  0.5025, -0.0456, -0.0002],
       [-0.0062, -0.0456,  1.1348,  0.1348],
       [-0.0002, -0.0002,  0.1348,  2.0105]])
inner(X):
array([[ 0.3974,  0.0326, -0.0071, -0.1189],
       [ 0.0326,  0.7408,  0.4217, -0.3251],
       [-0.0071,  0.4217,  0.2618, -0.1837],
       [-0.1189, -0.3251, -0.1837,  0.2887]])
inner(Y):
array([[ 0.999, -0.   , -0.   , -0.   ],
       [-0.   ,  0.999,  0.   ,  0.   ],
       [-0.   ,  0.   ,  0.999, -0.   ],
       [-0.   ,  0.   , -0.   ,  0.999]])
