SERIES=1000
A:
array([[-0.113 , -0.0071, -0.2456,  0.385 ],
       [-0.1167, -0.2024,  0.2176, -0.3091],
       [-0.3818,  0.337 ,  0.2441,  0.0905],
       [-0.2571,  0.1232,  0.1384, -0.1724]])
inner(S):
array([[ 0.5007, -0.0098,  0.0043,  0.0005],
       [-0.0098,  0.5074, -0.0051,  0.0273],
       [ 0.0043, -0.0051,  0.4936,  0.0021],
       [ 0.0005,  0.0273,  0.0021,  0.4888]])
inner(X):
array([[ 0.1082, -0.0794,  0.0125, -0.0331],
       [-0.0794,  0.1006, -0.0041,  0.0424],
       [ 0.0125, -0.0041,  0.1666,  0.0784],
       [-0.0331,  0.0424,  0.0784,  0.0637]])
inner(Y):
array([[ 0.999,  0.   , -0.   ,  0.   ],
       [ 0.   ,  0.999,  0.   ,  0.   ],
       [-0.   ,  0.   ,  0.999,  0.   ],
       [ 0.   ,  0.   ,  0.   ,  0.999]])
