SERIES=1000
A:
array([[ 0.3635,  0.2471,  0.0562, -0.3635],
       [-0.4401, -0.3787, -0.4554, -0.3925],
       [-0.2743,  0.213 ,  0.0597, -0.4874],
       [-0.428 ,  0.4673,  0.0681, -0.2967]])
inner(S)
array([[ 0.5005,  0.0058, -0.0195, -0.0127],
       [ 0.0058,  0.5067, -0.0336, -0.001 ],
       [-0.0195, -0.0336,  0.5017,  0.0113],
       [-0.0127, -0.001 ,  0.0113,  0.497 ]])
inner(X):
array([[ 0.1667, -0.0613,  0.0662,  0.0342],
       [-0.0613,  0.3321,  0.1012,  0.049 ],
       [ 0.0662,  0.1012,  0.1758,  0.1773],
       [ 0.0342,  0.049 ,  0.1773,  0.2417]])
inner(Y):
array([[ 0.999, -0.   , -0.   , -0.   ],
       [-0.   ,  0.999,  0.   , -0.   ],
       [-0.   ,  0.   ,  0.999,  0.   ],
       [-0.   , -0.   ,  0.   ,  0.999]])
