SERIES=1000
A:
array([[-0.4661,  0.1575,  0.0349,  0.1666, -0.0587, -0.2275,  0.4497,
         0.2283, -0.4937, -0.4007],
       [ 0.1317, -0.212 , -0.0924,  0.2815, -0.1459,  0.4258,  0.2205,
         0.0519, -0.319 , -0.0904],
       [ 0.2629,  0.4908, -0.4263, -0.3652,  0.24  ,  0.3338, -0.4112,
         0.3294,  0.2867,  0.1882],
       [-0.1601, -0.0555, -0.1337,  0.3405, -0.1717, -0.1774,  0.4353,
         0.42  ,  0.4687,  0.3075],
       [-0.4131, -0.4091,  0.0571,  0.3562,  0.3842,  0.1368,  0.4558,
        -0.3481, -0.2784, -0.1675],
       [-0.2432, -0.1878, -0.3816, -0.1247, -0.4702,  0.0378,  0.4458,
        -0.0549,  0.1242,  0.1118],
       [ 0.4334,  0.2345,  0.3248, -0.1642,  0.4075, -0.3148, -0.092 ,
         0.2375, -0.1665,  0.3861],
       [ 0.3607, -0.3349, -0.2693, -0.4476,  0.3587, -0.1608, -0.1068,
        -0.2296, -0.3768, -0.0431],
       [-0.2653,  0.0632, -0.2972,  0.0114,  0.4483, -0.1282,  0.4542,
        -0.4428,  0.0488,  0.0998],
       [ 0.4618,  0.4252,  0.0109,  0.2595,  0.4759,  0.2365,  0.454 ,
         0.4389, -0.0182,  0.1599]])
inner(S):
array([[ 0.5063, -0.0185,  0.0067, -0.0169, -0.0114, -0.0031, -0.0103,
        -0.0184,  0.0183, -0.0209],
       [-0.0185,  0.5056,  0.0003, -0.0109,  0.0208, -0.033 ,  0.0243,
         0.0035, -0.0229,  0.0011],
       [ 0.0067,  0.0003,  0.5003, -0.0143,  0.0068,  0.0377, -0.0021,
         0.0136, -0.0218, -0.0251],
       [-0.0169, -0.0109, -0.0143,  0.5174,  0.0098,  0.0033, -0.0048,
         0.0243, -0.0062, -0.01  ],
       [-0.0114,  0.0208,  0.0068,  0.0098,  0.5029,  0.0382,  0.0058,
        -0.0211, -0.0234, -0.0035],
       [-0.0031, -0.033 ,  0.0377,  0.0033,  0.0382,  0.5058,  0.0186,
        -0.0046, -0.0014,  0.0005],
       [-0.0103,  0.0243, -0.0021, -0.0048,  0.0058,  0.0186,  0.4723,
        -0.0148,  0.011 ,  0.012 ],
       [-0.0184,  0.0035,  0.0136,  0.0243, -0.0211, -0.0046, -0.0148,
         0.5204,  0.0009, -0.0043],
       [ 0.0183, -0.0229, -0.0218, -0.0062, -0.0234, -0.0014,  0.011 ,
         0.0009,  0.5108,  0.003 ],
       [-0.0209,  0.0011, -0.0251, -0.01  , -0.0035,  0.0005,  0.012 ,
        -0.0043,  0.003 ,  0.5137]])
inner(X):
array([[ 0.5058,  0.0757, -0.2501,  0.0472,  0.2238,  0.049 , -0.081 ,
        -0.1137,  0.0758,  0.0478],
       [ 0.0757,  0.253 , -0.1097, -0.009 ,  0.1704,  0.0499, -0.121 ,
        -0.0123, -0.0451,  0.094 ],
       [-0.2501, -0.1097,  0.5486, -0.0266, -0.3449, -0.0816,  0.145 ,
         0.0501, -0.0561,  0.1922],
       [ 0.0472, -0.009 , -0.0266,  0.4763, -0.029 ,  0.2159, -0.0644,
        -0.2798,  0.0379,  0.1314],
       [ 0.2238,  0.1704, -0.3449, -0.029 ,  0.5453,  0.0299, -0.171 ,
         0.0278,  0.2807,  0.0109],
       [ 0.049 ,  0.0499, -0.0816,  0.2159,  0.0299,  0.3588, -0.2359,
        -0.0686,  0.0984, -0.132 ],
       [-0.081 , -0.121 ,  0.145 , -0.0644, -0.171 , -0.2359,  0.4231,
         0.1277, -0.0451,  0.2418],
       [-0.1137, -0.0123,  0.0501, -0.2798,  0.0278, -0.0686,  0.1277,
         0.4369,  0.0853, -0.0666],
       [ 0.0758, -0.0451, -0.0561,  0.0379,  0.2807,  0.0984, -0.0451,
         0.0853,  0.4204,  0.0655],
       [ 0.0478,  0.094 ,  0.1922,  0.1314,  0.0109, -0.132 ,  0.2418,
        -0.0666,  0.0655,  0.5727]])
inner(Y):
array([[ 0.999,  0.   , -0.   ,  0.   ,  0.   ,  0.   ,  0.   , -0.   ,
        -0.   , -0.   ],
       [ 0.   ,  0.999, -0.   , -0.   ,  0.   ,  0.   , -0.   , -0.   ,
        -0.   , -0.   ],
       [-0.   , -0.   ,  0.999,  0.   , -0.   ,  0.   ,  0.   ,  0.   ,
        -0.   , -0.   ],
       [ 0.   , -0.   ,  0.   ,  0.999,  0.   , -0.   ,  0.   , -0.   ,
         0.   , -0.   ],
       [ 0.   ,  0.   , -0.   ,  0.   ,  0.999, -0.   , -0.   , -0.   ,
         0.   ,  0.   ],
       [ 0.   ,  0.   ,  0.   , -0.   , -0.   ,  0.999, -0.   ,  0.   ,
        -0.   ,  0.   ],
       [ 0.   , -0.   ,  0.   ,  0.   , -0.   , -0.   ,  0.999, -0.   ,
         0.   ,  0.   ],
       [-0.   , -0.   ,  0.   , -0.   , -0.   ,  0.   , -0.   ,  0.999,
        -0.   , -0.   ],
       [-0.   , -0.   , -0.   ,  0.   ,  0.   , -0.   ,  0.   , -0.   ,
         0.999, -0.   ],
       [-0.   , -0.   , -0.   , -0.   ,  0.   ,  0.   ,  0.   , -0.   ,
        -0.   ,  0.999]])
