SERIES=1000
A:
array([[-0.064 , -0.4741,  0.0497, -0.0647],
       [-0.0796, -0.1697, -0.2954,  0.1193],
       [-0.2003, -0.2332,  0.1211,  0.0291],
       [-0.3654,  0.0136, -0.3156,  0.2853]])
inner(S):
array([[ 0.502 , -0.0168, -0.0134, -0.0003],
       [-0.0168,  0.4997,  0.0135,  0.0192],
       [-0.0134,  0.0135,  0.4966,  0.0606],
       [-0.0003,  0.0192,  0.0606,  0.5025]])
inner(X):
array([[ 0.1169,  0.033 ,  0.0608, -0.0099],
       [ 0.033 ,  0.0633,  0.0106,  0.0664],
       [ 0.0608,  0.0106,  0.0535,  0.02  ],
       [-0.0099,  0.0664,  0.02  ,  0.1437]])
inner(Y):
array([[ 0.999, -0.   , -0.   , -0.   ],
       [-0.   ,  0.999, -0.   , -0.   ],
       [-0.   , -0.   ,  0.999, -0.   ],
       [-0.   , -0.   , -0.   ,  0.999]])
