SERIES=5000
A:
array([[ 0.4579,  0.0332,  0.1919, -0.1845],
       [ 0.1865,  0.3346, -0.4817,  0.2501],
       [ 0.4889,  0.2482, -0.2196,  0.2893],
       [-0.3968, -0.0521,  0.4086, -0.2064]])
inner(S)
array([[ 0.4996, -0.0025,  0.    , -0.0014],
       [-0.0025,  0.5004,  0.0049, -0.0013],
       [ 0.    ,  0.0049,  0.4995, -0.0097],
       [-0.0014, -0.0013, -0.0097,  0.5019]])
inner(X):
array([[ 0.1417, -0.0226,  0.067 , -0.0321],
       [-0.0226,  0.2208,  0.1762, -0.1704],
       [ 0.067 ,  0.1762,  0.2158, -0.1785],
       [-0.0321, -0.1704, -0.1785,  0.1858]])
inner(Y):
array([[ 0.9998, -0.    , -0.    , -0.    ],
       [-0.    ,  0.9998,  0.    , -0.    ],
       [-0.    ,  0.    ,  0.9998, -0.    ],
       [-0.    , -0.    , -0.    ,  0.9998]])
