SERIES=500
A:
array([[-0.064 , -0.4741,  0.0497, -0.0647],
       [-0.0796, -0.1697, -0.2954,  0.1193],
       [-0.2003, -0.2332,  0.1211,  0.0291],
       [-0.3654,  0.0136, -0.3156,  0.2853]])
inner(S):
array([[ 0.5026,  0.1305, -0.1245, -0.0927],
       [ 0.1305,  0.4769,  0.3126,  0.0784],
       [-0.1245,  0.3126,  0.5238,  0.3819],
       [-0.0927,  0.0784,  0.3819,  0.4648]])
inner(X):
array([[0.1081, 0.0815, 0.053 , 0.0631],
       [0.0815, 0.0699, 0.0276, 0.0409],
       [0.053 , 0.0276, 0.0575, 0.0618],
       [0.0631, 0.0409, 0.0618, 0.0757]])
inner(Y):
array([[ 0.998,  0.   ,  0.   ,  0.   ],
       [ 0.   ,  0.998, -0.   , -0.   ],
       [ 0.   , -0.   ,  0.998, -0.   ],
       [ 0.   , -0.   , -0.   ,  0.998]])
