SERIES=1000
A:
array([[ 0.467 ,  0.0472,  0.4727,  0.2148],
       [ 0.1977, -0.2839,  0.4763, -0.4938],
       [-0.247 , -0.0652,  0.2794, -0.3023],
       [ 0.363 ,  0.4834, -0.3362,  0.0973]])
inner(S):
array([[1.7997, 1.2757, 1.3274, 1.2348],
       [1.2757, 1.7568, 1.2835, 1.2131],
       [1.3274, 1.2835, 1.8779, 1.3178],
       [1.2348, 1.2131, 1.3178, 1.6748]])
inner(X):
array([[ 2.133 , -0.0008, -0.5153,  0.9334],
       [-0.0008,  0.2852,  0.1415, -0.1842],
       [-0.5153,  0.1415,  0.2377, -0.359 ],
       [ 0.9334, -0.1842, -0.359 ,  0.6975]])
inner(Y):
array([[ 0.999,  0.   , -0.   ,  0.   ],
       [ 0.   ,  0.999, -0.   , -0.   ],
       [-0.   , -0.   ,  0.999,  0.   ],
       [ 0.   , -0.   ,  0.   ,  0.999]])
