SERIES=1000
A:
array([[ 0.467 ,  0.0472,  0.4727,  0.2148],
       [ 0.1977, -0.2839,  0.4763, -0.4938],
       [-0.247 , -0.0652,  0.2794, -0.3023],
       [ 0.363 ,  0.4834, -0.3362,  0.0973]])
inner(S):
array([[0.8181, 0.3048, 0.3268, 0.2845],
       [0.3048, 0.7968, 0.2937, 0.2737],
       [0.3268, 0.2937, 0.8583, 0.3485],
       [0.2845, 0.2737, 0.3485, 0.7559]])
inner(X):
array([[ 0.7111,  0.0885, -0.138 ,  0.2332],
       [ 0.0885,  0.2803,  0.1182, -0.1406],
       [-0.138 ,  0.1182,  0.1378, -0.1735],
       [ 0.2332, -0.1406, -0.1735,  0.353 ]])
inner(Y):
array([[ 0.999,  0.   ,  0.   , -0.   ],
       [ 0.   ,  0.999, -0.   , -0.   ],
       [ 0.   , -0.   ,  0.999, -0.   ],
       [-0.   , -0.   , -0.   ,  0.999]])
