SERIES=1000
A:
array([[ 0.3454,  0.361 ,  0.0957, -0.4153],
       [ 0.0973, -0.2545,  0.2326,  0.3947],
       [ 0.0147,  0.1036, -0.4349,  0.0401],
       [-0.3708,  0.1146, -0.1363,  0.2678]])
inner(S):
array([[ 0.4934, -0.0357, -0.0273,  0.0191],
       [-0.0357,  0.5024, -0.0104, -0.0034],
       [-0.0273, -0.0104,  0.502 , -0.0168],
       [ 0.0191, -0.0034, -0.0168,  0.4997]])
inner(X):
array([[ 0.2006, -0.0995, -0.0066, -0.0954],
       [-0.0995,  0.143 , -0.0532,  0.0004],
       [-0.0066, -0.0532,  0.103 ,  0.0378],
       [-0.0954,  0.0004,  0.0378,  0.1174]])
inner(Y):
array([[ 0.999,  0.   ,  0.   , -0.   ],
       [ 0.   ,  0.999,  0.   , -0.   ],
       [ 0.   ,  0.   ,  0.999, -0.   ],
       [-0.   , -0.   , -0.   ,  0.999]])
