SERIES=1000
A:
array([[ 0.3689,  0.2488,  0.2986,  0.0433],
       [-0.2792,  0.4185,  0.0921, -0.1538],
       [-0.2362,  0.4139, -0.0803,  0.0402],
       [ 0.1084,  0.3262,  0.1236, -0.3233]])
inner(S):
array([[ 0.5054,  0.0016,  0.0156, -0.0082],
       [ 0.0016,  0.4953, -0.0045,  0.0044],
       [ 0.0156, -0.0045,  0.502 , -0.0168],
       [-0.0082,  0.0044, -0.0168,  0.4997]])
inner(X):
array([[ 0.1476,  0.0099, -0.0061,  0.075 ],
       [ 0.0099,  0.1399,  0.1113,  0.0814],
       [-0.0061,  0.1113,  0.1181,  0.04  ],
       [ 0.075 ,  0.0814,  0.04  ,  0.1197]])
inner(Y):
array([[ 0.999, -0.   ,  0.   , -0.   ],
       [-0.   ,  0.999, -0.   , -0.   ],
       [ 0.   , -0.   ,  0.999,  0.   ],
       [-0.   , -0.   ,  0.   ,  0.999]])
