SERIES=1000
A:
array([[ 0.0217, -0.3918, -0.3418,  0.0452],
       [ 0.0244,  0.1376, -0.0985,  0.1498],
       [-0.1031,  0.1239,  0.2674, -0.321 ],
       [-0.1244,  0.0025,  0.1867, -0.2463]])
inner(S):
array([[ 0.502 , -0.0168, -0.0134, -0.0003],
       [-0.0168,  0.4997,  0.0135,  0.0192],
       [-0.0134,  0.0135,  0.4966,  0.0606],
       [-0.0003,  0.0192,  0.0606,  0.5025]])
inner(X):
array([[ 0.1375, -0.0108, -0.0714, -0.0341],
       [-0.0108,  0.0244, -0.0258, -0.0261],
       [-0.0714, -0.0258,  0.0904,  0.0642],
       [-0.0341, -0.0261,  0.0642,  0.0506]])
inner(Y):
array([[ 0.999, -0.   ,  0.   , -0.   ],
       [-0.   ,  0.999,  0.   ,  0.   ],
       [ 0.   ,  0.   ,  0.999,  0.   ],
       [-0.   ,  0.   ,  0.   ,  0.999]])
