SERIES=1000
A:
array([[ 0.4613,  0.3107,  0.4634,  0.1933],
       [ 0.3017,  0.2514,  0.4411, -0.1595],
       [-0.1756, -0.4881, -0.4322,  0.4617],
       [-0.0251, -0.3784, -0.3921,  0.0176]])
inner(S):
array([[ 0.502 , -0.0006, -0.0247, -0.0006],
       [-0.0006,  2.01  , -0.1824, -0.0006],
       [-0.0247, -0.1824,  4.5391,  0.5391],
       [-0.0006, -0.0006,  0.5391,  8.0418]])
inner(X):
array([[ 1.6092,  0.8578, -0.3936, -1.0168],
       [ 0.8578,  1.1377, -1.5198, -0.9131],
       [-0.3936, -1.5198,  2.7607,  1.0396],
       [-1.0168, -0.9131,  1.0396,  0.9264]])
inner(Y):
array([[0.4174, 0.2162, 0.3461, 0.0689],
       [0.2162, 0.3014, 0.272 , 0.0201],
       [0.3461, 0.272 , 0.3335, 0.0175],
       [0.0689, 0.0201, 0.0175, 0.8593]])
