SERIES=10000
A:
array([[ 0.4613,  0.3107,  0.4634,  0.1933],
       [ 0.3017,  0.2514,  0.4411, -0.1595],
       [-0.1756, -0.4881, -0.4322,  0.4617],
       [-0.0251, -0.3784, -0.3921,  0.0176]])
inner(S):
array([[ 0.4997, -0.0002,  0.0002,  0.0027],
       [-0.0002,  1.9983, -0.0003, -0.0197],
       [ 0.0002, -0.0003,  4.4959,  0.0806],
       [ 0.0027, -0.0197,  0.0806,  8.0067]])
inner(X):
array([[ 1.5764,  0.8984, -0.519 , -1.0344],
       [ 0.8984,  1.2403, -1.6998, -0.9895],
       [-0.519 , -1.6998,  3.014 ,  1.1865],
       [-1.0344, -0.9895,  1.1865,  0.9792]])
inner(Y):
array([[ 0.857 , -0.0147,  0.1367,  0.0195],
       [-0.0147,  0.8861,  0.1054, -0.0022],
       [ 0.1367,  0.1054,  0.7859, -0.0079],
       [ 0.0195, -0.0022, -0.0079,  0.9721]])
