SERIES=10000
A:
array([[ 0.467 ,  0.0472,  0.4727,  0.2148],
       [ 0.1977, -0.2839,  0.4763, -0.4938],
       [-0.247 , -0.0652,  0.2794, -0.3023],
       [ 0.363 ,  0.4834, -0.3362,  0.0973]])
inner(S):
array([[ 0.4997, -0.0017,  0.0034, -0.0005],
       [-0.0017,  1.9993, -0.0199, -0.0068],
       [ 0.0034, -0.0199,  4.5037,  0.0706],
       [-0.0005, -0.0068,  0.0706,  7.9932]])
inner(X):
array([[ 1.5032,  0.1803,  0.0067, -0.4254],
       [ 0.1803,  3.1223,  1.7862, -1.333 ],
       [ 0.0067,  1.7862,  1.109 , -0.7581],
       [-0.4254, -1.333 , -0.7581,  1.1174]])
inner(Y):
array([[ 0.9751,  0.0039,  0.0354,  0.0357],
       [ 0.0039,  0.9733, -0.0285, -0.0263],
       [ 0.0354, -0.0285,  0.9336, -0.0273],
       [ 0.0357, -0.0263, -0.0273,  0.9413]])
