SERIES=1000
A:
array([[ 0.1206,  0.307 , -0.2141, -0.3446],
       [ 0.3905,  0.2823, -0.1418,  0.0777],
       [-0.2721, -0.1687,  0.1866,  0.2612],
       [ 0.3796,  0.1589,  0.2994, -0.3104]])
inner(S):
array([[ 0.502 , -0.0336, -0.0402, -0.0012],
       [-0.0336,  1.9987,  0.081 ,  0.154 ],
       [-0.0402,  0.081 ,  4.4691,  0.7274],
       [-0.0012,  0.154 ,  0.7274,  8.0399]])
inner(X):
array([[ 1.4194,  0.1201, -1.0808,  0.6465],
       [ 0.1201,  0.3554, -0.1043, -0.1852],
       [-1.0808, -0.1043,  0.8515, -0.4763],
       [ 0.6465, -0.1852, -0.4763,  1.1427]])
inner(Y):
array([[ 0.3132, -0.0583, -0.1138, -0.2289],
       [-0.0583,  0.5688,  0.2407, -0.3888],
       [-0.1138,  0.2407,  0.3859, -0.0672],
       [-0.2289, -0.3888, -0.0672,  0.5077]])
