SERIES=5000
A:
array([[ 0.4122,  0.0857, -0.2058, -0.469 ],
       [ 0.1647,  0.4494,  0.0745, -0.1997],
       [-0.1702, -0.0093,  0.484 , -0.0695],
       [-0.1128, -0.0055, -0.2783, -0.2093]])
inner(S):
array([[ 0.1249, -0.0012,  0.    , -0.0014],
       [-0.0012,  0.5004,  0.0073, -0.0026],
       [ 0.    ,  0.0073,  1.1239, -0.029 ],
       [-0.0014, -0.0026, -0.029 ,  2.0076]])
inner(X):
array([[ 0.509 ,  0.1983, -0.0493,  0.2503],
       [ 0.1983,  0.1925,  0.0674,  0.0553],
       [-0.0493,  0.0674,  0.2784, -0.1175],
       [ 0.2503,  0.0553, -0.1175,  0.1731]])
inner(Y):
array([[ 0.7983,  0.0847,  0.0271,  0.0541],
       [ 0.0847,  0.8035,  0.1136,  0.0624],
       [ 0.0271,  0.1136,  0.8073, -0.0634],
       [ 0.0541,  0.0624, -0.0634,  0.828 ]])
