SERIES=10000
A:
array([[ 0.1373,  0.2375, -0.3307, -0.3179],
       [ 0.2647, -0.4106, -0.0216, -0.4172],
       [ 0.4637,  0.3352, -0.2676,  0.3434],
       [ 0.2475, -0.3916, -0.2331,  0.1418]])
inner(S):
array([[ 0.1249, -0.0001,  0.0001,  0.0007],
       [-0.0001,  0.4996, -0.0001, -0.0049],
       [ 0.0001, -0.0001,  1.124 ,  0.0202],
       [ 0.0007, -0.0049,  0.0202,  2.0017]])
inner(X):
array([[ 0.3607,  0.232 , -0.0719, -0.0461],
       [ 0.232 ,  0.4404, -0.3303, -0.0229],
       [-0.0719, -0.3303,  0.3949,  0.1145],
       [-0.0461, -0.0229,  0.1145,  0.1848]])
inner(Y):
array([[ 0.8468,  0.0677, -0.0019, -0.0098],
       [ 0.0677,  0.8872,  0.0062,  0.031 ],
       [-0.0019,  0.0062,  0.9209,  0.0259],
       [-0.0098,  0.031 ,  0.0259,  0.8927]])
