SERIES=1000
A:
array([[ 0.1373,  0.2375, -0.3307, -0.3179],
       [ 0.2647, -0.4106, -0.0216, -0.4172],
       [ 0.4637,  0.3352, -0.2676,  0.3434],
       [ 0.2475, -0.3916, -0.2331,  0.1418]])
inner(S):
array([[ 0.1255, -0.0002, -0.0062, -0.0002],
       [-0.0002,  0.5025, -0.0456, -0.0002],
       [-0.0062, -0.0456,  1.1348,  0.1348],
       [-0.0002, -0.0002,  0.1348,  2.0105]])
inner(X):
array([[ 0.3941,  0.2445, -0.0658, -0.0447],
       [ 0.2445,  0.4456, -0.3253, -0.0159],
       [-0.0658, -0.3253,  0.3866,  0.1011],
       [-0.0447, -0.0159,  0.1011,  0.1703]])
inner(Y):
array([[ 0.1565,  0.2284, -0.0233,  0.011 ],
       [ 0.2284,  0.3665,  0.006 ,  0.0927],
       [-0.0233,  0.006 ,  0.3013,  0.1768],
       [ 0.011 ,  0.0927,  0.1768,  0.2751]])
