SERIES=1000
A:
array([[-0.4661,  0.1575,  0.0349,  0.1666, -0.0587, -0.2275,  0.4497,
         0.2283, -0.4937, -0.4007],
       [ 0.1317, -0.212 , -0.0924,  0.2815, -0.1459,  0.4258,  0.2205,
         0.0519, -0.319 , -0.0904],
       [ 0.2629,  0.4908, -0.4263, -0.3652,  0.24  ,  0.3338, -0.4112,
         0.3294,  0.2867,  0.1882],
       [-0.1601, -0.0555, -0.1337,  0.3405, -0.1717, -0.1774,  0.4353,
         0.42  ,  0.4687,  0.3075],
       [-0.4131, -0.4091,  0.0571,  0.3562,  0.3842,  0.1368,  0.4558,
        -0.3481, -0.2784, -0.1675],
       [-0.2432, -0.1878, -0.3816, -0.1247, -0.4702,  0.0378,  0.4458,
        -0.0549,  0.1242,  0.1118],
       [ 0.4334,  0.2345,  0.3248, -0.1642,  0.4075, -0.3148, -0.092 ,
         0.2375, -0.1665,  0.3861],
       [ 0.3607, -0.3349, -0.2693, -0.4476,  0.3587, -0.1608, -0.1068,
        -0.2296, -0.3768, -0.0431],
       [-0.2653,  0.0632, -0.2972,  0.0114,  0.4483, -0.1282,  0.4542,
        -0.4428,  0.0488,  0.0998],
       [ 0.4618,  0.4252,  0.0109,  0.2595,  0.4759,  0.2365,  0.454 ,
         0.4389, -0.0182,  0.1599]])
inner(S):
array([[ 0.4917,  0.0147, -0.0051,  0.043 , -0.0183, -0.0111, -0.0134,
         0.0004, -0.0177, -0.0153],
       [ 0.0147,  0.516 , -0.0198,  0.0026, -0.0018,  0.0098,  0.0162,
        -0.0094, -0.0121, -0.0159],
       [-0.0051, -0.0198,  0.5081,  0.0027, -0.002 ,  0.0021, -0.0008,
         0.002 ,  0.0242, -0.0043],
       [ 0.043 ,  0.0026,  0.0027,  0.5075,  0.0097,  0.0332, -0.0116,
        -0.0078,  0.0013, -0.0156],
       [-0.0183, -0.0018, -0.002 ,  0.0097,  0.4926, -0.0001, -0.002 ,
         0.0068, -0.0122,  0.0059],
       [-0.0111,  0.0098,  0.0021,  0.0332, -0.0001,  0.4929, -0.027 ,
         0.0218, -0.0023, -0.0035],
       [-0.0134,  0.0162, -0.0008, -0.0116, -0.002 , -0.027 ,  0.4862,
        -0.0027, -0.0084,  0.007 ],
       [ 0.0004, -0.0094,  0.002 , -0.0078,  0.0068,  0.0218, -0.0027,
         0.5   , -0.0062, -0.0088],
       [-0.0177, -0.0121,  0.0242,  0.0013, -0.0122, -0.0023, -0.0084,
        -0.0062,  0.5056, -0.0316],
       [-0.0153, -0.0159, -0.0043, -0.0156,  0.0059, -0.0035,  0.007 ,
        -0.0088, -0.0316,  0.4876]])
inner(X):
array([[ 0.4607,  0.0738, -0.2313,  0.0515,  0.2109,  0.0759, -0.073 ,
        -0.0748,  0.0933,  0.0555],
       [ 0.0738,  0.2553, -0.0861, -0.0058,  0.1423,  0.0511, -0.1121,
        -0.0131, -0.0542,  0.1078],
       [-0.2313, -0.0861,  0.575 , -0.0471, -0.3488, -0.0926,  0.1212,
         0.0365, -0.0761,  0.1992],
       [ 0.0515, -0.0058, -0.0471,  0.4192, -0.0025,  0.1891, -0.0503,
        -0.2397,  0.0441,  0.1278],
       [ 0.2109,  0.1423, -0.3488, -0.0025,  0.5131,  0.0433, -0.1493,
         0.0373,  0.2733, -0.0063],
       [ 0.0759,  0.0511, -0.0926,  0.1891,  0.0433,  0.3502, -0.2294,
        -0.0519,  0.1017, -0.1347],
       [-0.073 , -0.1121,  0.1212, -0.0503, -0.1493, -0.2294,  0.4225,
         0.1346, -0.0364,  0.2434],
       [-0.0748, -0.0131,  0.0365, -0.2397,  0.0373, -0.0519,  0.1346,
         0.4268,  0.0927, -0.0601],
       [ 0.0933, -0.0542, -0.0761,  0.0441,  0.2733,  0.1017, -0.0364,
         0.0927,  0.4066,  0.0491],
       [ 0.0555,  0.1078,  0.1992,  0.1278, -0.0063, -0.1347,  0.2434,
        -0.0601,  0.0491,  0.5825]])
inner(Y):
array([[ 0.6265,  0.0683,  0.0297, -0.0216, -0.089 , -0.2346,  0.1644,
         0.0933, -0.1299, -0.0292],
       [ 0.0683,  0.5453,  0.1335, -0.0286,  0.0519, -0.0836, -0.0304,
        -0.0862,  0.244 ,  0.1104],
       [ 0.0297,  0.1335,  0.502 ,  0.0984,  0.0239,  0.0802,  0.0978,
        -0.141 ,  0.3472,  0.0568],
       [-0.0216, -0.0286,  0.0984,  0.4101,  0.0673,  0.0085, -0.085 ,
         0.0406,  0.0463, -0.1066],
       [-0.089 ,  0.0519,  0.0239,  0.0673,  0.449 ,  0.1833,  0.1058,
        -0.2023, -0.0781,  0.0008],
       [-0.2346, -0.0836,  0.0802,  0.0085,  0.1833,  0.552 ,  0.0118,
        -0.0853, -0.0392,  0.1649],
       [ 0.1644, -0.0304,  0.0978, -0.085 ,  0.1058,  0.0118,  0.432 ,
        -0.0109,  0.1078, -0.2215],
       [ 0.0933, -0.0862, -0.141 ,  0.0406, -0.2023, -0.0853, -0.0109,
         0.3026, -0.0763,  0.0086],
       [-0.1299,  0.244 ,  0.3472,  0.0463, -0.0781, -0.0392,  0.1078,
        -0.0763,  0.5654, -0.0451],
       [-0.0292,  0.1104,  0.0568, -0.1066,  0.0008,  0.1649, -0.2215,
         0.0086, -0.0451,  0.4935]])
