SERIES=1000
A:
array([[-0.0274, -0.1072,  0.1189, -0.0632],
       [-0.2391, -0.0875, -0.081 ,  0.4024],
       [ 0.4796,  0.1236, -0.4168,  0.233 ],
       [ 0.1787,  0.326 , -0.1525, -0.4411]])
inner(S):
array([[ 0.5287, -0.0096, -0.0082, -0.0213],
       [-0.0096,  0.5089,  0.0153, -0.008 ],
       [-0.0082,  0.0153,  0.4723, -0.0179],
       [-0.0213, -0.008 , -0.0179,  0.5104]])
inner(X):
array([[ 0.0147, -0.0101, -0.0437, -0.0133],
       [-0.0101,  0.1252, -0.0016, -0.126 ],
       [-0.0437, -0.0016,  0.238 ,  0.0413],
       [-0.0133, -0.126 ,  0.0413,  0.1823]])
inner(Y):
array([[ 0.3423, -0.0505,  0.1915,  0.0616],
       [-0.0505,  0.1687,  0.0052,  0.1014],
       [ 0.1915,  0.0052,  0.1988, -0.1122],
       [ 0.0616,  0.1014, -0.1122,  0.4281]])
