SERIES=10000
A:
array([[-0.0274, -0.1072,  0.1189, -0.0632],
       [-0.2391, -0.0875, -0.081 ,  0.4024],
       [ 0.4796,  0.1236, -0.4168,  0.233 ],
       [ 0.1787,  0.326 , -0.1525, -0.4411]])
inner(S):
array([[ 0.5017, -0.0007,  0.0031,  0.0057],
       [-0.0007,  0.5005, -0.0027,  0.0044],
       [ 0.0031, -0.0027,  0.5006,  0.0016],
       [ 0.0057,  0.0044,  0.0016,  0.4905]])
inner(X):
array([[ 0.0153, -0.0095, -0.0454, -0.0153],
       [-0.0095,  0.1138,  0.0007, -0.1147],
       [-0.0454,  0.0007,  0.2369,  0.0438],
       [-0.0153, -0.1147,  0.0438,  0.1744]])
inner(Y):
array([[ 0.8627, -0.0497,  0.0886,  0.0501],
       [-0.0497,  0.8664,  0.0435,  0.0444],
       [ 0.0886,  0.0435,  0.8352, -0.0621],
       [ 0.0501,  0.0444, -0.0621,  0.9042]])
