SERIES=10000
A:
array([[-0.4661,  0.1575,  0.0349,  0.1666, -0.0587, -0.2275,  0.4497,
         0.2283, -0.4937, -0.4007],
       [ 0.1317, -0.212 , -0.0924,  0.2815, -0.1459,  0.4258,  0.2205,
         0.0519, -0.319 , -0.0904],
       [ 0.2629,  0.4908, -0.4263, -0.3652,  0.24  ,  0.3338, -0.4112,
         0.3294,  0.2867,  0.1882],
       [-0.1601, -0.0555, -0.1337,  0.3405, -0.1717, -0.1774,  0.4353,
         0.42  ,  0.4687,  0.3075],
       [-0.4131, -0.4091,  0.0571,  0.3562,  0.3842,  0.1368,  0.4558,
        -0.3481, -0.2784, -0.1675],
       [-0.2432, -0.1878, -0.3816, -0.1247, -0.4702,  0.0378,  0.4458,
        -0.0549,  0.1242,  0.1118],
       [ 0.4334,  0.2345,  0.3248, -0.1642,  0.4075, -0.3148, -0.092 ,
         0.2375, -0.1665,  0.3861],
       [ 0.3607, -0.3349, -0.2693, -0.4476,  0.3587, -0.1608, -0.1068,
        -0.2296, -0.3768, -0.0431],
       [-0.2653,  0.0632, -0.2972,  0.0114,  0.4483, -0.1282,  0.4542,
        -0.4428,  0.0488,  0.0998],
       [ 0.4618,  0.4252,  0.0109,  0.2595,  0.4759,  0.2365,  0.454 ,
         0.4389, -0.0182,  0.1599]])
inner(S):
array([[ 0.4959, -0.0034,  0.0024,  0.0059, -0.001 , -0.0015, -0.0021,
        -0.0058, -0.0021,  0.0038],
       [-0.0034,  0.4971,  0.0111,  0.0011,  0.0095, -0.0057,  0.001 ,
         0.002 ,  0.0051,  0.0042],
       [ 0.0024,  0.0111,  0.4996, -0.0067, -0.0054, -0.0036, -0.0025,
        -0.0026,  0.0006,  0.0086],
       [ 0.0059,  0.0011, -0.0067,  0.4995, -0.0012, -0.0027,  0.0035,
        -0.0007, -0.0015, -0.0064],
       [-0.001 ,  0.0095, -0.0054, -0.0012,  0.5015, -0.0025, -0.0038,
        -0.0049, -0.0009, -0.004 ],
       [-0.0015, -0.0057, -0.0036, -0.0027, -0.0025,  0.4998,  0.0073,
        -0.0029,  0.0025, -0.0008],
       [-0.0021,  0.001 , -0.0025,  0.0035, -0.0038,  0.0073,  0.5014,
        -0.0011,  0.002 ,  0.0001],
       [-0.0058,  0.002 , -0.0026, -0.0007, -0.0049, -0.0029, -0.0011,
         0.5063, -0.0039,  0.0018],
       [-0.0021,  0.0051,  0.0006, -0.0015, -0.0009,  0.0025,  0.002 ,
        -0.0039,  0.4946,  0.0036],
       [ 0.0038,  0.0042,  0.0086, -0.0064, -0.004 , -0.0008,  0.0001,
         0.0018,  0.0036,  0.5049]])
inner(X):
array([[ 0.494 ,  0.0842, -0.2655,  0.0557,  0.2324,  0.0756, -0.0993,
        -0.0944,  0.0822,  0.0341],
       [ 0.0842,  0.2616, -0.1073, -0.0028,  0.1617,  0.0756, -0.1338,
        -0.0064, -0.0414,  0.0918],
       [-0.2655, -0.1073,  0.5869, -0.0408, -0.3628, -0.0991,  0.1453,
         0.0454, -0.0727,  0.2008],
       [ 0.0557, -0.0028, -0.0408,  0.4527, -0.0116,  0.2007, -0.0489,
        -0.2636,  0.0441,  0.1464],
       [ 0.2324,  0.1617, -0.3628, -0.0116,  0.5318,  0.0567, -0.18  ,
         0.0392,  0.2798, -0.0106],
       [ 0.0756,  0.0756, -0.0991,  0.2007,  0.0567,  0.3573, -0.2493,
        -0.0664,  0.0942, -0.1231],
       [-0.0993, -0.1338,  0.1453, -0.0489, -0.18  , -0.2493,  0.449 ,
         0.1277, -0.0483,  0.252 ],
       [-0.0944, -0.0064,  0.0454, -0.2636,  0.0392, -0.0664,  0.1277,
         0.4388,  0.0847, -0.0592],
       [ 0.0822, -0.0414, -0.0727,  0.0441,  0.2798,  0.0942, -0.0483,
         0.0847,  0.3992,  0.06  ],
       [ 0.0341,  0.0918,  0.2008,  0.1464, -0.0106, -0.1231,  0.252 ,
        -0.0592,  0.06  ,  0.5814]])
inner(Y):
array([[ 0.9441,  0.0111,  0.0059,  0.001 , -0.0156, -0.0292,  0.0283,
         0.0115, -0.0235,  0.0002],
       [ 0.0111,  0.9367,  0.0079, -0.0038,  0.0091, -0.0102, -0.0116,
        -0.0063,  0.0316,  0.0152],
       [ 0.0059,  0.0079,  0.9249,  0.0173, -0.0034,  0.0092,  0.0155,
        -0.0269,  0.0464,  0.0111],
       [ 0.001 , -0.0038,  0.0173,  0.9176,  0.0219,  0.0028, -0.027 ,
         0.016 ,  0.0068, -0.0237],
       [-0.0156,  0.0091, -0.0034,  0.0219,  0.9158,  0.0195,  0.0236,
        -0.0362, -0.0151,  0.0071],
       [-0.0292, -0.0102,  0.0092,  0.0028,  0.0195,  0.9404,  0.008 ,
        -0.0096, -0.0052,  0.0227],
       [ 0.0283, -0.0116,  0.0155, -0.027 ,  0.0236,  0.008 ,  0.9104,
         0.013 ,  0.0206, -0.037 ],
       [ 0.0115, -0.0063, -0.0269,  0.016 , -0.0362, -0.0096,  0.013 ,
         0.9022, -0.0111,  0.0105],
       [-0.0235,  0.0316,  0.0464,  0.0068, -0.0151, -0.0052,  0.0206,
        -0.0111,  0.9331, -0.0068],
       [ 0.0002,  0.0152,  0.0111, -0.0237,  0.0071,  0.0227, -0.037 ,
         0.0105, -0.0068,  0.926 ]])
