SERIES=10000
A:
array([[ 0.467 ,  0.0472,  0.4727,  0.2148],
       [ 0.1977, -0.2839,  0.4763, -0.4938],
       [-0.247 , -0.0652,  0.2794, -0.3023],
       [ 0.363 ,  0.4834, -0.3362,  0.0973]])
inner(S):
array([[ 0.4997, -0.0001,  0.0001,  0.0007],
       [-0.0001,  0.4996, -0.    , -0.0025],
       [ 0.0001, -0.    ,  0.4995,  0.0067],
       [ 0.0007, -0.0025,  0.0067,  0.5004]])
inner(X):
array([[ 0.2463,  0.0981, -0.0263,  0.0268],
       [ 0.0981,  0.2912,  0.1239, -0.1348],
       [-0.0263,  0.1239,  0.1162, -0.121 ],
       [ 0.0268, -0.1348, -0.121 ,  0.2431]])
inner(Y):
array([[ 0.9334,  0.0043,  0.0239,  0.0281],
       [ 0.0043,  0.9016, -0.0254, -0.0043],
       [ 0.0239, -0.0254,  0.913 , -0.0348],
       [ 0.0281, -0.0043, -0.0348,  0.9115]])
