SERIES=1000
A:
array([[ 0.467 ,  0.0472,  0.4727,  0.2148],
       [ 0.1977, -0.2839,  0.4763, -0.4938],
       [-0.247 , -0.0652,  0.2794, -0.3023],
       [ 0.363 ,  0.4834, -0.3362,  0.0973]])
inner(S):
array([[ 0.502 , -0.0003, -0.0082, -0.0002],
       [-0.0003,  0.5025, -0.0304, -0.0001],
       [-0.0082, -0.0304,  0.5043,  0.0449],
       [-0.0002, -0.0001,  0.0449,  0.5026]])
inner(X):
array([[ 0.2506,  0.0948, -0.0288,  0.0191],
       [ 0.0948,  0.2827,  0.1181, -0.139 ],
       [-0.0288,  0.1181,  0.1127, -0.1234],
       [ 0.0191, -0.139 , -0.1234,  0.2542]])
inner(Y):
array([[ 0.5806, -0.045 ,  0.1061,  0.1892],
       [-0.045 ,  0.2662, -0.127 , -0.0374],
       [ 0.1061, -0.127 ,  0.3483, -0.1686],
       [ 0.1892, -0.0374, -0.1686,  0.2947]])
