SERIES=1000
A:
array([[-0.0089,  0.4085,  0.4086,  0.2345],
       [ 0.3313, -0.338 ,  0.3455, -0.0844],
       [-0.2133,  0.0619,  0.3575, -0.0668],
       [-0.4222, -0.2127, -0.2147,  0.1971]])
inner(S):
array([[0.8181, 0.3048, 0.3268, 0.2845],
       [0.3048, 0.7968, 0.2937, 0.2737],
       [0.3268, 0.2937, 0.8583, 0.3485],
       [0.2845, 0.2737, 0.3485, 0.7559]])
inner(X):
array([[ 0.5294,  0.0875,  0.1314, -0.2753],
       [ 0.0875,  0.206 ,  0.0345, -0.1371],
       [ 0.1314,  0.0345,  0.0976, -0.0345],
       [-0.2753, -0.1371, -0.0345,  0.2919]])
inner(Y):
array([[ 0.1913, -0.1729, -0.0686,  0.2204],
       [-0.1729,  0.3237,  0.2653, -0.0754],
       [-0.0686,  0.2653,  0.2862,  0.0459],
       [ 0.2204, -0.0754,  0.0459,  0.4562]])
