SERIES=10000
A:
array([[ 0.1251,  0.3532, -0.002 ,  0.0726],
       [ 0.0026,  0.2964,  0.4069, -0.1773],
       [ 0.2244,  0.1548, -0.1267,  0.3035],
       [ 0.1951, -0.0081,  0.0719,  0.4489]])
inner(S):
array([[133.789 , 133.3369, 133.2442, 133.2833],
       [133.3369, 133.8845, 133.2919, 133.328 ],
       [133.2442, 133.2919, 133.6986, 133.2443],
       [133.2833, 133.328 , 133.2443, 133.7765]])
inner(X):
array([[40.2538, 38.7281, 40.7433, 51.821 ],
       [38.7281, 37.3808, 39.1444, 49.8368],
       [40.7433, 39.1444, 41.2981, 52.5362],
       [51.821 , 49.8368, 52.5362, 66.887 ]])
inner(Y):
array([[ 0.9715,  0.0315, -0.0601,  0.1073],
       [ 0.0315,  0.8431, -0.0193,  0.0587],
       [-0.0601, -0.0193,  0.948 , -0.0481],
       [ 0.1073,  0.0587, -0.0481,  0.8154]])
