SERIES=10000
A:
array([[-0.0089,  0.4085,  0.4086,  0.2345],
       [ 0.3313, -0.338 ,  0.3455, -0.0844],
       [-0.2133,  0.0619,  0.3575, -0.0668],
       [-0.4222, -0.2127, -0.2147,  0.1971]])
inner(S):
array([[0.8318, 0.3344, 0.3299, 0.3324],
       [0.3344, 0.8364, 0.3322, 0.3317],
       [0.3299, 0.3322, 0.8271, 0.3362],
       [0.3324, 0.3317, 0.3362, 0.8318]])
inner(X):
array([[ 0.5562,  0.0773,  0.1266, -0.2882],
       [ 0.0773,  0.1953,  0.0297, -0.1328],
       [ 0.1266,  0.0297,  0.0967, -0.0358],
       [-0.2882, -0.1328, -0.0358,  0.2952]])
inner(Y):
array([[ 0.8626, -0.0746,  0.0092,  0.0462],
       [-0.0746,  0.8624,  0.0712, -0.0069],
       [ 0.0092,  0.0712,  0.8778,  0.0054],
       [ 0.0462, -0.0069,  0.0054,  0.9392]])
