SERIES=1000
A:
array([[ 0.1251,  0.3532, -0.002 ,  0.0726],
       [ 0.0026,  0.2964,  0.4069, -0.1773],
       [ 0.2244,  0.1548, -0.1267,  0.3035],
       [ 0.1951, -0.0081,  0.0719,  0.4489]])
inner(S):
array([[1.7997, 1.2757, 1.3274, 1.2348],
       [1.2757, 1.7568, 1.2835, 1.2131],
       [1.3274, 1.2835, 1.8779, 1.3178],
       [1.2348, 1.2131, 1.3178, 1.6748]])
inner(X):
array([[0.4507, 0.4236, 0.428 , 0.508 ],
       [0.4236, 0.5135, 0.3535, 0.4666],
       [0.428 , 0.3535, 0.4607, 0.5606],
       [0.508 , 0.4666, 0.5606, 0.74  ]])
inner(Y):
array([[ 0.3512,  0.1421, -0.3009,  0.1744],
       [ 0.1421,  0.1096, -0.116 ,  0.0861],
       [-0.3009, -0.116 ,  0.4628, -0.1619],
       [ 0.1744,  0.0861, -0.1619,  0.0931]])
