SERIES=1000
A:
array([[ 0.3454,  0.361 ,  0.0957, -0.4153],
       [ 0.0973, -0.2545,  0.2326,  0.3947],
       [ 0.0147,  0.1036, -0.4349,  0.0401],
       [-0.3708,  0.1146, -0.1363,  0.2678]])
inner(S):
array([[ 0.5054,  0.0074, -0.0086,  0.0171],
       [ 0.0074,  0.4902,  0.0211, -0.0155],
       [-0.0086,  0.0211,  0.502 , -0.0168],
       [ 0.0171, -0.0155, -0.0168,  0.4997]])
inner(X):
array([[ 0.2188, -0.0999, -0.0124, -0.1053],
       [-0.0999,  0.1396, -0.0494,  0.0054],
       [-0.0124, -0.0494,  0.0998,  0.0366],
       [-0.1053,  0.0054,  0.0366,  0.1158]])
inner(Y):
array([[ 0.2752,  0.0567, -0.0772, -0.0783],
       [ 0.0567,  0.1582,  0.0148,  0.069 ],
       [-0.0772,  0.0148,  0.167 ,  0.1484],
       [-0.0783,  0.069 ,  0.1484,  0.2281]])
