SERIES=10000
A:
array([[ 0.3454,  0.361 ,  0.0957, -0.4153],
       [ 0.0973, -0.2545,  0.2326,  0.3947],
       [ 0.0147,  0.1036, -0.4349,  0.0401],
       [-0.3708,  0.1146, -0.1363,  0.2678]])
inner(S):
array([[ 0.5005,  0.0016, -0.0032,  0.0072],
       [ 0.0016,  0.5027, -0.0026,  0.0034],
       [-0.0032, -0.0026,  0.4997, -0.0008],
       [ 0.0072,  0.0034, -0.0008,  0.4998]])
inner(X):
array([[ 0.213 , -0.0991, -0.0071, -0.1034],
       [-0.0991,  0.142 , -0.0551,  0.0036],
       [-0.0071, -0.0551,  0.1012,  0.038 ],
       [-0.1034,  0.0036,  0.038 ,  0.119 ]])
inner(Y):
array([[ 0.9092,  0.0111, -0.0149, -0.012 ],
       [ 0.0111,  0.8893, -0.0017,  0.022 ],
       [-0.0149, -0.0017,  0.8811,  0.0316],
       [-0.012 ,  0.022 ,  0.0316,  0.8941]])
