SERIES=10000
A:
array([[ 0.0217, -0.3918, -0.3418,  0.0452],
       [ 0.0244,  0.1376, -0.0985,  0.1498],
       [-0.1031,  0.1239,  0.2674, -0.321 ],
       [-0.1244,  0.0025,  0.1867, -0.2463]])
inner(S):
array([[ 0.4997, -0.0008,  0.0011, -0.0001],
       [-0.0008,  0.4998, -0.0033, -0.0009],
       [ 0.0011, -0.0033,  0.5004,  0.0059],
       [-0.0001, -0.0009,  0.0059,  0.4996]])
inner(X):
array([[ 0.1354, -0.0067, -0.0773, -0.0386],
       [-0.0067,  0.0257, -0.0295, -0.0287],
       [-0.0773, -0.0295,  0.099 ,  0.0702],
       [-0.0386, -0.0287,  0.0702,  0.0549]])
inner(Y):
array([[ 0.7965, -0.034 ,  0.0424, -0.0371],
       [-0.034 ,  0.8185,  0.0148,  0.0398],
       [ 0.0424,  0.0148,  0.8514,  0.0411],
       [-0.0371,  0.0398,  0.0411,  0.8423]])
